particle 2001c_smoke_black
{
	sprite 
	{
		path = yan_ml.png
		width = 256
		height = 256
		blending = ALPHA BLENDED
		animated = False
		looped = False
		frameCount = 1
		frameRandomOffset = 0
		frameDuration = 0
	}
	color 
	{
		curve 
		{
			type = 4
			componentCount = 4
			times = 0, 173, 293, 467, 1000
			values = 0.5137255, 0.5137255, 0.5137255, 0, 0.7333333, 0.7333333, 0.7333333, 1, 0.8901961, 0.8901961, 0.8901961, 0.8901961, 0.6901961, 0.6901961, 0.6901961, 0.7333333, 0.07450981, 0.07450981, 0.07450981, 0
			inTangents = 0, 0, 0, 0, 0, 0, 0, 0, 0, 0, 0, 0, 0, 0, 0, 0, 0, 0, 0, 0
			outTangents = 0, 0, 0, 0, 0, 0, 0, 0, 0, 0, 0, 0, 0, 0, 0, 0, 0, 0, 0, 0
		}
		type = 1
	}
	particleCountMax = 50
	emissionRate = 10
	orbitPosition = True
	orbitVelocity = True
	orbitAcceleration = True
	energyMin = 3300
	energyMax = 3100
	position = 0, 0, 0
	positionVar = 0, 0, 0
	velocity = 0.325, 0.7, 0
	velocityVar = -0.02499998, 0.09999996, 0
	acceleration = 0, 0, 0
	accelerationVar = 0, 0, 0
	rotationPerParticleSpeedMin = -0.5235988
	rotationPerParticleSpeedMax = 0.5235988
	rotationSpeedMin = 0
	rotationSpeedMax = 0
	rotationAxis = 0, 0, 0
	rotationAxisVar = 0, 0, 0
	emitterType = 0
	systemDuration = 0
	renderType = BILLBOARD
	isLocalSpace = True
	preWarm = False
	delayTime = 2.5
	initialRotationMin = 0
	initialRotationMax = 6.283185
	gravity = 0
	lengthScale = 1
	sizeStartMin = 0.3
	sizeStartMax = 0.25
	sizeEndMin = 1
	sizeEndMax = 1.1
}
